61 61 61 61 61 61 61 61 61 61 61 61 61 61 61 61 
61 61 61 61 61 61 61 61 61 61 61 61 61 61 61 61 
61 61 61 61 61 61 61 61 61 61 61 61 61 61 61 61 
61 61 61 61 61 61 61 61 61 61 61 61 61 61 61 61
61 61 61 61 61 61 61 61 61 61 61 61 61 61 61 61
61 61 61 61 61 61 61 61 61 61 61 61 61 61 61 61 
61 61 61 61 61 61 61 61 61 61 61 61 61 61 61 61 
61 61 61 61 61 61 61 61 61 61 61 61 61 61 61 61 
61 61 61 61 61 61 61 61 61 61 61 61 61 61 61 61 
61 61 61 61 61 61 61 61 61 61 61 61 61 61 61 61 
61 61 61 61 61 61 61 61 61 61 61 61 61 61 61 61 
61 61 61 61 61 61 61 61 61 61 61 61 61 61 61 61 
61 61 61 61 61 61 61 61 61 61 61 61 61 61 61 61 
61 61 61 61 61 61 61 61 61 61 61 61 61 61 61 61 
61 61 61 61 61 61 61 61 61 61 61 61 61 61 61 61 
61 61 61 61 61 61 61 61 61 61 61 61 61 61 61 61 
61 61 61 61 61 61 61 61 61 61 61 61 61 61 61 61 
61 61 61 61 61 61 61 61 61 61 61 61 61 61 61 61 
61 61 61 61 61 61 61 61 61 61 61 61 61 61 61 61 
61 61 61 61 61 61 61 61 61 61 61 61 61 61 61 61 
61 61 61 61 61 61 61 61 61 61 61 61 61 61 61 61 
61 61 61 61 61 61 61 61 61 61 61 61 61 61 61 61 
61 61 61 61 61 61 61 61 61 61 61 61 61 61 61 61 
61 61 61 61 61 61 61 61 61 61 61 61 61 61 61 61 
61 61 61 61 61 61 61 61 61 61 61 61 61 61 61 61 
61 61 61 61 61 61 61 61 61 61 61 61 61 61 61 61 
61 61 61 61 61 61 61 61 61 61 61 61 61 61 61 61 
61 61 61 61 61 61 61 61 61 61 61 61 61 61 61 61 
61 61 61 61 61 61 61 61 61 61 61 61 61 61 61 61 
61 61 61 61 61 61 61 61 61 61 61 61 61 61 61 61 
61 61 61 61 61 61 61 61 61 61 61 61 61 61 61 61 
61 61 61 61 61 61 61 61 61 8d 6c 24 24 b8 50 86
78 4f 68 83 8b 04 08 c3 61 61 61 61 58 32 68 55



 

